NN: 784x784x784x16
initialization: all random N(0,0.1)
NAG: true
momentum rule: true
learning rate: 0.1
lambda: 10.0

        TRAIN                                                           TEST
Epoch   CE1             CE2             CE              %Train          CE1             CE2             CE              %Test
0       4.721488        1.033749        5.755237        13.281250%      4.841626        6.202491        11.044117       9.969999%
500     0.640290        0.983429        1.623719        88.671875%      0.496803        5.900575        6.397378        91.299995%
1000    0.256946        0.875514        1.132460        94.531250%      0.415218        5.253085        5.668303        92.589996%
1500    0.323028        0.759278        1.082305        94.531250%      0.326930        4.555665        4.882595        94.389999%
2000    0.240701        0.660468        0.901168        96.875000%      0.283731        3.962806        4.246537        95.200005%
2500    0.242860        0.576643        0.819503        94.921875%      0.244629        3.459858        3.704487        95.760002%
3000    0.219218        0.505660        0.724878        95.312500%      0.208031        3.033959        3.241990        96.510002%
3500    0.130324        0.444918        0.575242        98.437500%      0.206340        2.669505        2.875845        96.529999%
4000    0.200702        0.393526        0.594227        96.093750%      0.187869        2.361153        2.549022        96.910004%
4500    0.170566        0.349409        0.519975        96.875000%      0.178164        2.096457        2.274621        97.040001%
5000    0.188967        0.312218        0.501186        96.875000%      0.173566        1.873309        2.046875        97.070000%
5500    0.128240        0.280363        0.408603        97.656250%      0.170329        1.682180        1.852509        97.180000%
6000    0.106812        0.253458        0.360270        98.828125%      0.159166        1.520750        1.679917        97.430000%
6500    0.148644        0.230485        0.379129        97.656250%      0.170042        1.382908        1.552949        96.949997%
7000    0.128413        0.211180        0.339593        98.046875%      0.164518        1.267081        1.431599        97.139999%
7500    0.155312        0.194406        0.349718        98.046875%      0.160712        1.166437        1.327149        97.239998%
8000    0.163535        0.180573        0.344108        96.484375%      0.147826        1.083439        1.231264        97.470001%
8500    0.066818        0.168822        0.235639        99.609375%      0.146067        1.012929        1.158996        97.430000%
9000    0.181990        0.158773        0.340763        97.656250%      0.147409        0.952638        1.100047        97.449997%
9500    0.123255        0.150000        0.273255        97.265625%      0.152279        0.900003        1.052282        97.330002%
10000   0.101749        0.142755        0.244505        98.046875%      0.146341        0.856531        1.002872        97.419998%
10500   0.151191        0.136041        0.287232        97.265625%      0.146895        0.816248        0.963143        97.349998%
11000   0.156914        0.130622        0.287536        98.046875%      0.137813        0.783730        0.921543        97.599998%
11500   0.046969        0.126098        0.173067        100.000000%     0.132550        0.756586        0.889136        97.659996%
12000   0.106960        0.122276        0.229237        98.437500%      0.128597        0.733656        0.862253        97.820000%
12500   0.106931        0.119111        0.226042        98.828125%      0.133361        0.714667        0.848028        97.719994%
13000   0.110841        0.116112        0.226953        98.437500%      0.140973        0.696675        0.837648        97.459999%
13500   0.051834        0.113768        0.165602        99.609375%      0.126295        0.682609        0.808904        97.919998%
14000   0.079773        0.111902        0.191676        99.609375%      0.129693        0.671413        0.801107        97.759995%
14500   0.090514        0.110294        0.200809        98.437500%      0.131805        0.661766        0.793571        97.639999%
15000   0.081305        0.108656        0.189961        99.609375%      0.127542        0.651933        0.779475        97.709999%
15500   0.092829        0.107245        0.200074        98.828125%      0.125287        0.643472        0.768758        97.849998%
16000   0.116738        0.106078        0.222816        98.046875%      0.127409        0.636470        0.763880        97.689995%
16500   0.072283        0.105152        0.177435        99.218750%      0.146411        0.630912        0.777322        97.239998%
17000   0.055348        0.104292        0.159640        100.000000%     0.123606        0.625750        0.749356        97.790001%
17500   0.057186        0.103509        0.160695        99.609375%      0.124393        0.621056        0.745449        97.809998%
18000   0.081656        0.102683        0.184339        98.437500%      0.122943        0.616097        0.739040        97.829994%
18500   0.067814        0.102184        0.169998        99.218750%      0.122329        0.613104        0.735433        97.899994%
19000   0.104400        0.101768        0.206168        98.828125%      0.129881        0.610607        0.740488        97.869995%
19500   0.085659        0.101369        0.187028        98.437500%      0.118288        0.608215        0.726503        97.930000%
20000   0.060947        0.101303        0.162250        100.000000%     0.115831        0.607820        0.723650        98.000000%
20500   0.070163        0.100698        0.170861        99.218750%      0.120443        0.604191        0.724634        98.000000%
21000   0.071330        0.100374        0.171704        98.828125%      0.124341        0.602241        0.726582        97.899994%
21500   0.059427        0.100061        0.159488        99.609375%      0.121657        0.600364        0.722020        97.899994%
22000   0.097958        0.099847        0.197806        98.437500%      0.121054        0.599084        0.720138        97.939995%
22500   0.091042        0.099862        0.190903        98.437500%      0.128345        0.599170        0.727515        97.699997%
23000   0.056588        0.099560        0.156148        99.609375%      0.128437        0.597358        0.725794        97.619995%
23500   0.086812        0.099373        0.186185        98.828125%      0.122587        0.596238        0.718825        98.000000%
24000   0.067489        0.099261        0.166750        99.609375%      0.113155        0.595567        0.708722        98.070000%
24500   0.101831        0.099166        0.200997        98.046875%      0.117205        0.594994        0.712199        98.029999%
25000   0.121229        0.099142        0.220371        97.656250%      0.129145        0.594850        0.723995        97.649994%
25500   0.055919        0.099079        0.154998        100.000000%     0.123259        0.594472        0.717731        97.739998%
26000   0.081275        0.098912        0.180187        99.218750%      0.117017        0.593473        0.710489        97.899994%
26500   0.075974        0.098838        0.174812        98.828125%      0.117773        0.593028        0.710802        97.939995%
27000   0.110360        0.098750        0.209110        97.656250%      0.118257        0.592501        0.710759        97.949997%
27500   0.091157        0.098581        0.189738        98.828125%      0.120395        0.591487        0.711882        98.019997%
28000   0.071914        0.098731        0.170645        99.609375%      0.116029        0.592385        0.708414        98.070000%
28500   0.041603        0.098451        0.140054        100.000000%     0.122263        0.590706        0.712968        97.839996%
29000   0.049988        0.098162        0.148149        99.609375%      0.117592        0.588971        0.706563        97.939995%
29500   0.062426        0.098160        0.160586        99.218750%      0.115397        0.588962        0.704359        98.049995%
30000   0.074539        0.097852        0.172391        98.828125%      0.121152        0.587113        0.708265        97.829994%
30500   0.073329        0.097846        0.171175        98.828125%      0.132063        0.587076        0.719139        97.709999%
31000   0.049453        0.097713        0.147167        100.000000%     0.115332        0.586279        0.701610        97.949997%
